MEME version 5

ALPHABET= ACGT

strands: + -

Background letter frequencies
A 0.250000 C 0.250000 G 0.250000 T 0.250000

MOTIF Ace2.m1 STREME-1
letter-probability matrix: alength= 4 w= 11 nsites= 4 E= 0
 1.000000  0.000000  0.000000  0.000000 
 0.000000  1.000000  0.000000  0.000000 
 0.000000  1.000000  0.000000  0.000000 
 1.000000  0.000000  0.000000  0.000000 
 0.000000  0.000000  1.000000  0.000000 
 0.000000  1.000000  0.000000  0.000000 
 0.000000  1.000000  0.000000  0.000000 
 1.000000  0.000000  0.000000  0.000000 
 0.000000  0.500000  0.000000  0.500000 
 0.000000  0.500000  0.250000  0.250000 
 0.250000  0.250000  0.000000  0.500000 

MOTIF Ace2.m2 STREME-2
letter-probability matrix: alength= 4 w= 15 nsites= 3 E= 0
 1.000000  0.000000  0.000000  0.000000 
 0.000000  1.000000  0.000000  0.000000 
 0.000000  1.000000  0.000000  0.000000 
 0.666667  0.000000  0.000000  0.333333 
 0.000000  0.000000  1.000000  0.000000 
 0.000000  1.000000  0.000000  0.000000 
 0.000000  1.000000  0.000000  0.000000 
 0.000000  0.000000  0.000000  1.000000 
 0.000000  1.000000  0.000000  0.000000 
 0.000000  0.666667  0.000000  0.333333 
 0.000000  0.333333  0.000000  0.666667 
 0.333333  0.666667  0.000000  0.000000 
 1.000000  0.000000  0.000000  0.000000 
 0.000000  0.000000  0.333333  0.666667 
 0.000000  0.666667  0.333333  0.000000 

MOTIF Cdc10.m1 STREME-1
letter-probability matrix: alength= 4 w= 13 nsites= 14 E= 0
 0.857143  0.000000  0.142857  0.000000 
 0.000000  0.928571  0.000000  0.071429 
 0.000000  0.000000  1.000000  0.000000 
 0.000000  1.000000  0.000000  0.000000 
 0.000000  0.000000  1.000000  0.000000 
 0.785714  0.000000  0.071429  0.142857 
 0.000000  1.000000  0.000000  0.000000 
 0.000000  0.000000  0.928571  0.071429 
 0.000000  0.928571  0.000000  0.071429 
 0.000000  0.000000  1.000000  0.000000 
 0.571429  0.142857  0.142857  0.142857 
 0.142857  0.785714  0.000000  0.071429 
 0.428571  0.142857  0.214286  0.214286 

MOTIF Cdc10.m3 STREME-3
letter-probability matrix: alength= 4 w= 11 nsites= 6 E= 0
 1.000000  0.000000  0.000000  0.000000 
 1.000000  0.000000  0.000000  0.000000 
 0.833333  0.000000  0.166667  0.000000 
 0.000000  1.000000  0.000000  0.000000 
 0.000000  0.000000  0.833333  0.166667 
 0.000000  1.000000  0.000000  0.000000 
 0.333333  0.000000  0.666667  0.000000 
 1.000000  0.000000  0.000000  0.000000 
 0.000000  0.000000  0.000000  1.000000 
 0.166667  0.000000  0.666667  0.166667 
 0.833333  0.000000  0.000000  0.166667 

MOTIF Deb1.m1 STREME-1
letter-probability matrix: alength= 4 w= 12 nsites= 62 E= 0
 0.870968  0.096774  0.032258  0.000000 
 0.870968  0.032258  0.032258  0.064516 
 0.000000  0.000000  0.000000  1.000000 
 0.000000  0.000000  1.000000  0.000000 
 0.000000  0.000000  0.000000  1.000000 
 0.000000  0.000000  0.000000  1.000000 
 1.000000  0.000000  0.000000  0.000000 
 0.000000  1.000000  0.000000  0.000000 
 0.000000  0.854839  0.016129  0.129032 
 0.016129  0.000000  0.016129  0.967742 
 0.838710  0.000000  0.161290  0.000000 
 0.064516  0.000000  0.032258  0.903226 

MOTIF Esc1.m1 STREME-1
letter-probability matrix: alength= 4 w= 11 nsites= 8 E= 0
 0.875000  0.000000  0.000000  0.125000 
 0.000000  0.750000  0.125000  0.125000 
 0.000000  1.000000  0.000000  0.000000 
 1.000000  0.000000  0.000000  0.000000 
 0.000000  1.000000  0.000000  0.000000 
 0.000000  0.000000  1.000000  0.000000 
 0.000000  0.000000  0.000000  1.000000 
 0.000000  0.000000  1.000000  0.000000 
 0.000000  0.500000  0.500000  0.000000 
 0.000000  0.750000  0.250000  0.000000 
 0.125000  0.500000  0.375000  0.000000 

MOTIF Fep1.m1 STREME-1
letter-probability matrix: alength= 4 w= 12 nsites= 23 E= 0
 0.217391  0.000000  0.000000  0.782609 
 0.000000  0.000000  0.000000  1.000000 
 1.000000  0.000000  0.000000  0.000000 
 0.000000  0.000000  0.000000  1.000000 
 0.000000  1.000000  0.000000  0.000000 
 0.608696  0.000000  0.000000  0.391304 
 0.000000  0.000000  1.000000  0.000000 
 1.000000  0.000000  0.000000  0.000000 
 0.000000  0.000000  0.000000  1.000000 
 0.000000  0.434783  0.434783  0.130435 
 0.608696  0.000000  0.217391  0.173913 
 0.347826  0.000000  0.347826  0.304348 

MOTIF Fhl1.m1 STREME-1
letter-probability matrix: alength= 4 w= 13 nsites= 111 E= 0
 0.774775  0.072072  0.081081  0.072072 
 0.837838  0.018018  0.072072  0.072072 
 0.783784  0.018018  0.135135  0.063063 
 0.765766  0.045045  0.180180  0.009009 
 0.504505  0.036036  0.459459  0.000000 
 0.000000  0.963964  0.000000  0.036036 
 0.936937  0.045045  0.018018  0.000000 
 0.000000  0.000000  1.000000  0.000000 
 0.000000  0.000000  0.000000  1.000000 
 0.000000  1.000000  0.000000  0.000000 
 1.000000  0.000000  0.000000  0.000000 
 0.000000  1.000000  0.000000  0.000000 
 0.756757  0.000000  0.162162  0.081081 

MOTIF Fhl1.m2 STREME-2
letter-probability matrix: alength= 4 w= 13 nsites= 58 E= 0
 0.844828  0.000000  0.017241  0.137931 
 0.896552  0.000000  0.103448  0.000000 
 0.068966  0.931034  0.000000  0.000000 
 0.000000  1.000000  0.000000  0.000000 
 0.000000  1.000000  0.000000  0.000000 
 0.000000  0.000000  0.017241  0.982759 
 0.982759  0.000000  0.017241  0.000000 
 0.172414  0.827586  0.000000  0.000000 
 0.017241  0.965517  0.000000  0.017241 
 0.000000  1.000000  0.000000  0.000000 
 0.000000  0.000000  0.000000  1.000000 
 0.879310  0.017241  0.051724  0.051724 
 0.413793  0.172414  0.155172  0.258621 

MOTIF Fkh2.m1 STREME-1
letter-probability matrix: alength= 4 w= 15 nsites= 12 E= 0
 0.083333  0.083333  0.000000  0.833333 
 0.000000  0.000000  1.000000  0.000000 
 0.000000  0.000000  0.000000  1.000000 
 1.000000  0.000000  0.000000  0.000000 
 1.000000  0.000000  0.000000  0.000000 
 1.000000  0.000000  0.000000  0.000000 
 0.000000  0.750000  0.000000  0.250000 
 1.000000  0.000000  0.000000  0.000000 
 1.000000  0.000000  0.000000  0.000000 
 0.833333  0.000000  0.000000  0.166667 
 0.083333  0.500000  0.083333  0.333333 
 0.666667  0.333333  0.000000  0.000000 
 0.833333  0.166667  0.000000  0.000000 
 0.666667  0.000000  0.083333  0.250000 
 0.250000  0.166667  0.000000  0.583333 

MOTIF Fkh2.m2 STREME-2
letter-probability matrix: alength= 4 w= 13 nsites= 6 E= 0
 1.000000  0.000000  0.000000  0.000000 
 1.000000  0.000000  0.000000  0.000000 
 0.833333  0.000000  0.166667  0.000000 
 0.000000  1.000000  0.000000  0.000000 
 1.000000  0.000000  0.000000  0.000000 
 0.000000  0.166667  0.666667  0.166667 
 0.000000  1.000000  0.000000  0.000000 
 1.000000  0.000000  0.000000  0.000000 
 0.000000  0.000000  1.000000  0.000000 
 0.500000  0.000000  0.000000  0.500000 
 0.000000  0.000000  1.000000  0.000000 
 0.333333  0.333333  0.166667  0.166667 
 0.000000  0.833333  0.000000  0.166667 

MOTIF Adn2.m2 STREME-2
letter-probability matrix: alength= 4 w= 15 nsites= 8 E= 0
 0.000000  0.875000  0.000000  0.125000 
 0.000000  0.125000  0.000000  0.875000 
 0.000000  0.000000  0.000000  1.000000 
 0.000000  0.750000  0.125000  0.125000 
 0.000000  0.125000  0.000000  0.875000 
 0.000000  1.000000  0.000000  0.000000 
 0.125000  0.000000  0.000000  0.875000 
 0.125000  0.000000  0.000000  0.875000 
 0.250000  0.625000  0.125000  0.000000 
 0.000000  0.750000  0.000000  0.250000 
 0.125000  0.750000  0.000000  0.125000 
 0.125000  0.000000  0.000000  0.875000 
 0.125000  0.000000  0.000000  0.875000 
 0.000000  0.625000  0.125000  0.250000 
 0.125000  0.875000  0.000000  0.000000 

MOTIF Adn2.m4 STREME-4
letter-probability matrix: alength= 4 w= 9 nsites= 8 E= 0
 1.000000  0.000000  0.000000  0.000000 
 0.000000  0.625000  0.000000  0.375000 
 0.000000  1.000000  0.000000  0.000000 
 0.000000  1.000000  0.000000  0.000000 
 0.000000  0.000000  1.000000  0.000000 
 0.000000  1.000000  0.000000  0.000000 
 0.125000  0.000000  0.875000  0.000000 
 0.000000  1.000000  0.000000  0.000000 
 0.625000  0.000000  0.250000  0.125000 

MOTIF Hsf1.m1 STREME-1
letter-probability matrix: alength= 4 w= 14 nsites= 7 E= 0
 0.857143  0.000000  0.142857  0.000000 
 0.000000  0.000000  0.142857  0.857143 
 0.000000  0.857143  0.000000  0.142857 
 0.000000  1.000000  0.000000  0.000000 
 0.000000  0.000000  0.142857  0.857143 
 0.000000  0.000000  0.000000  1.000000 
 0.000000  0.857143  0.142857  0.000000 
 0.857143  0.000000  0.142857  0.000000 
 0.142857  0.142857  0.000000  0.714286 
 0.000000  0.000000  0.857143  0.142857 
 0.000000  0.000000  1.000000  0.000000 
 0.857143  0.142857  0.000000  0.000000 
 0.000000  1.000000  0.000000  0.000000 
 0.285714  0.000000  0.142857  0.571429 

MOTIF Hsf1.m3 STREME-3
letter-probability matrix: alength= 4 w= 11 nsites= 8 E= 0
 0.000000  1.000000  0.000000  0.000000 
 0.000000  0.000000  0.000000  1.000000 
 0.000000  0.000000  1.000000  0.000000 
 0.875000  0.125000  0.000000  0.000000 
 0.875000  0.000000  0.000000  0.125000 
 1.000000  0.000000  0.000000  0.000000 
 0.000000  0.000000  0.875000  0.125000 
 1.000000  0.000000  0.000000  0.000000 
 1.000000  0.000000  0.000000  0.000000 
 0.000000  1.000000  0.000000  0.000000 
 0.375000  0.125000  0.375000  0.125000 

MOTIF Adn3.m1 STREME-1
letter-probability matrix: alength= 4 w= 14 nsites= 9 E= 0
 0.000000  0.888889  0.000000  0.111111 
 0.000000  0.000000  0.000000  1.000000 
 0.000000  0.888889  0.000000  0.111111 
 0.000000  0.000000  0.111111  0.888889 
 0.000000  0.000000  0.000000  1.000000 
 0.000000  1.000000  0.000000  0.000000 
 0.111111  0.000000  0.000000  0.888889 
 0.000000  0.888889  0.000000  0.111111 
 0.111111  0.000000  0.000000  0.888889 
 0.000000  0.111111  0.000000  0.888889 
 0.111111  0.888889  0.000000  0.000000 
 0.000000  0.444444  0.000000  0.555556 
 0.000000  0.777778  0.000000  0.222222 
 0.000000  0.000000  0.000000  1.000000 

MOTIF Adn3.m2 STREME-2
letter-probability matrix: alength= 4 w= 12 nsites= 8 E= 0
 0.750000  0.125000  0.000000  0.125000 
 0.125000  0.000000  0.875000  0.000000 
 0.000000  0.000000  1.000000  0.000000 
 0.000000  0.000000  1.000000  0.000000 
 0.125000  0.000000  0.875000  0.000000 
 1.000000  0.000000  0.000000  0.000000 
 0.000000  0.000000  0.125000  0.875000 
 0.125000  0.000000  0.875000  0.000000 
 0.875000  0.000000  0.125000  0.000000 
 0.875000  0.000000  0.000000  0.125000 
 0.000000  0.000000  0.125000  0.875000 
 0.000000  0.000000  1.000000  0.000000 

MOTIF Adn3.m3 STREME-3
letter-probability matrix: alength= 4 w= 13 nsites= 9 E= 0
 0.000000  0.000000  1.000000  0.000000 
 0.111111  0.000000  0.222222  0.666667 
 0.111111  0.000000  0.888889  0.000000 
 0.000000  0.333333  0.666667  0.000000 
 0.000000  0.000000  1.000000  0.000000 
 0.000000  0.000000  1.000000  0.000000 
 1.000000  0.000000  0.000000  0.000000 
 0.000000  0.000000  0.888889  0.111111 
 1.000000  0.000000  0.000000  0.000000 
 0.555556  0.111111  0.333333  0.000000 
 0.555556  0.111111  0.333333  0.000000 
 0.444444  0.333333  0.222222  0.000000 
 0.666667  0.000000  0.000000  0.333333 

MOTIF Ams2.m1 STREME-1
letter-probability matrix: alength= 4 w= 12 nsites= 21 E= 0
 0.095238  0.857143  0.000000  0.047619 
 0.000000  1.000000  0.000000  0.000000 
 0.000000  1.000000  0.000000  0.000000 
 0.000000  1.000000  0.000000  0.000000 
 0.000000  1.000000  0.000000  0.000000 
 0.952381  0.047619  0.000000  0.000000 
 0.000000  0.952381  0.000000  0.047619 
 0.714286  0.000000  0.095238  0.190476 
 0.095238  0.047619  0.000000  0.857143 
 0.714286  0.047619  0.142857  0.095238 
 0.000000  0.000000  0.952381  0.047619 
 0.000000  0.095238  0.380952  0.523810 

MOTIF Ams2.m2 STREME-2
letter-probability matrix: alength= 4 w= 11 nsites= 15 E= 0
 0.000000  0.533333  0.133333  0.333333 
 0.066667  0.000000  0.133333  0.800000 
 1.000000  0.000000  0.000000  0.000000 
 0.066667  0.000000  0.000000  0.933333 
 0.000000  1.000000  0.000000  0.000000 
 0.000000  1.000000  0.000000  0.000000 
 0.000000  1.000000  0.000000  0.000000 
 1.000000  0.000000  0.000000  0.000000 
 0.000000  0.866667  0.000000  0.133333 
 0.266667  0.000000  0.000000  0.733333 
 0.133333  0.066667  0.133333  0.666667 

MOTIF Ams2.m3 STREME-3
letter-probability matrix: alength= 4 w= 15 nsites= 15 E= 0
 0.000000  1.000000  0.000000  0.000000 
 0.000000  0.866667  0.066667  0.066667 
 0.066667  0.866667  0.066667  0.000000 
 0.000000  0.933333  0.000000  0.066667 
 0.000000  1.000000  0.000000  0.000000 
 0.933333  0.066667  0.000000  0.000000 
 0.066667  0.933333  0.000000  0.000000 
 0.266667  0.066667  0.000000  0.666667 
 0.000000  0.066667  0.333333  0.600000 
 0.666667  0.000000  0.200000  0.133333 
 0.266667  0.000000  0.733333  0.000000 
 0.533333  0.066667  0.266667  0.133333 
 0.200000  0.333333  0.000000  0.466667 
 0.133333  0.666667  0.066667  0.133333 
 0.133333  0.266667  0.000000  0.600000 

MOTIF Ams2.m4 STREME-4
letter-probability matrix: alength= 4 w= 13 nsites= 7 E= 0
 1.000000  0.000000  0.000000  0.000000 
 0.142857  0.857143  0.000000  0.000000 
 0.000000  1.000000  0.000000  0.000000 
 0.000000  1.000000  0.000000  0.000000 
 0.142857  0.857143  0.000000  0.000000 
 0.000000  1.000000  0.000000  0.000000 
 1.000000  0.000000  0.000000  0.000000 
 0.000000  0.142857  0.000000  0.857143 
 0.000000  0.000000  0.000000  1.000000 
 0.142857  0.428571  0.000000  0.428571 
 0.428571  0.000000  0.285714  0.285714 
 0.000000  0.142857  0.285714  0.571429 
 0.000000  0.000000  0.285714  0.714286 

MOTIF Res1.m1 STREME-1
letter-probability matrix: alength= 4 w= 15 nsites= 20 E= 0
 0.850000  0.050000  0.100000  0.000000 
 0.000000  0.950000  0.000000  0.050000 
 0.000000  0.000000  1.000000  0.000000 
 0.000000  0.950000  0.000000  0.050000 
 0.000000  0.000000  1.000000  0.000000 
 0.450000  0.000000  0.050000  0.500000 
 0.000000  0.950000  0.000000  0.050000 
 0.100000  0.000000  0.750000  0.150000 
 0.000000  1.000000  0.000000  0.000000 
 0.000000  0.000000  0.900000  0.100000 
 0.600000  0.200000  0.000000  0.200000 
 0.150000  0.750000  0.100000  0.000000 
 0.150000  0.100000  0.200000  0.550000 
 0.100000  0.200000  0.250000  0.450000 
 0.000000  0.100000  0.200000  0.700000 

MOTIF Res1.m2 STREME-2
letter-probability matrix: alength= 4 w= 12 nsites= 12 E= 0
 0.833333  0.000000  0.166667  0.000000 
 0.000000  1.000000  0.000000  0.000000 
 0.166667  0.000000  0.666667  0.166667 
 0.000000  0.833333  0.000000  0.166667 
 0.166667  0.000000  0.750000  0.083333 
 0.750000  0.166667  0.083333  0.000000 
 0.000000  0.833333  0.166667  0.000000 
 0.083333  0.000000  0.916667  0.000000 
 0.000000  0.750000  0.000000  0.250000 
 0.083333  0.000000  0.833333  0.083333 
 0.083333  0.750000  0.000000  0.166667 
 0.000000  0.416667  0.333333  0.250000 

MOTIF Res1.m3 STREME-3
letter-probability matrix: alength= 4 w= 11 nsites= 8 E= 0
 1.000000  0.000000  0.000000  0.000000 
 0.000000  1.000000  0.000000  0.000000 
 0.000000  0.000000  0.875000  0.125000 
 0.125000  0.875000  0.000000  0.000000 
 0.125000  0.000000  0.875000  0.000000 
 0.125000  0.000000  0.125000  0.750000 
 0.000000  0.875000  0.000000  0.125000 
 0.000000  0.000000  0.000000  1.000000 
 0.000000  0.250000  0.375000  0.375000 
 0.125000  0.125000  0.000000  0.750000 
 0.750000  0.000000  0.125000  0.125000 

MOTIF Atf1.m1 STREME-1
letter-probability matrix: alength= 4 w= 11 nsites= 24 E= 0
 0.916667  0.000000  0.000000  0.083333 
 0.083333  0.000000  0.000000  0.916667 
 0.000000  0.000000  1.000000  0.000000 
 0.916667  0.000000  0.000000  0.083333 
 0.000000  0.708333  0.000000  0.291667 
 0.083333  0.000000  0.916667  0.000000 
 0.000000  0.000000  0.000000  1.000000 
 0.208333  0.750000  0.041667  0.000000 
 0.875000  0.083333  0.041667  0.000000 
 0.083333  0.125000  0.458333  0.333333 
 0.000000  0.458333  0.166667  0.375000 

MOTIF Sak1.m1 STREME-1
letter-probability matrix: alength= 4 w= 14 nsites= 23 E= 0
 0.043478  0.304348  0.652174  0.000000 
 0.000000  0.000000  1.000000  0.000000 
 0.000000  0.000000  0.000000  1.000000 
 0.000000  0.000000  0.000000  1.000000 
 0.000000  0.000000  0.956522  0.043478 
 0.086957  0.478261  0.000000  0.434783 
 0.000000  0.652174  0.000000  0.347826 
 0.913043  0.086957  0.000000  0.000000 
 0.043478  0.130435  0.086957  0.739130 
 0.130435  0.043478  0.826087  0.000000 
 0.434783  0.043478  0.521739  0.000000 
 0.043478  0.826087  0.000000  0.130435 
 0.913043  0.000000  0.086957  0.000000 
 1.000000  0.000000  0.000000  0.000000 

MOTIF Sak1.m2 STREME-2
letter-probability matrix: alength= 4 w= 12 nsites= 19 E= 0
 0.052632  0.000000  0.000000  0.947368 
 0.157895  0.000000  0.842105  0.000000 
 0.000000  0.000000  0.000000  1.000000 
 1.000000  0.000000  0.000000  0.000000 
 1.000000  0.000000  0.000000  0.000000 
 1.000000  0.000000  0.000000  0.000000 
 0.000000  0.736842  0.000000  0.263158 
 1.000000  0.000000  0.000000  0.000000 
 1.000000  0.000000  0.000000  0.000000 
 0.947368  0.000000  0.000000  0.052632 
 0.000000  0.842105  0.000000  0.157895 
 0.947368  0.000000  0.000000  0.052632 

MOTIF Sak1.m3 STREME-3
letter-probability matrix: alength= 4 w= 14 nsites= 22 E= 0
 0.772727  0.045455  0.000000  0.181818 
 0.136364  0.045455  0.000000  0.818182 
 0.000000  0.000000  1.000000  0.000000 
 0.000000  0.045455  0.000000  0.954545 
 0.909091  0.045455  0.000000  0.045455 
 0.909091  0.000000  0.090909  0.000000 
 1.000000  0.000000  0.000000  0.000000 
 0.000000  0.954545  0.000000  0.045455 
 0.954545  0.045455  0.000000  0.000000 
 0.818182  0.090909  0.090909  0.000000 
 0.590909  0.045455  0.045455  0.318182 
 0.227273  0.136364  0.136364  0.500000 
 0.181818  0.545455  0.090909  0.181818 
 0.863636  0.045455  0.090909  0.000000 

MOTIF Teb1.m1 STREME-1
letter-probability matrix: alength= 4 w= 15 nsites= 8 E= 0
 0.625000  0.250000  0.000000  0.125000 
 0.875000  0.000000  0.000000  0.125000 
 1.000000  0.000000  0.000000  0.000000 
 0.000000  1.000000  0.000000  0.000000 
 0.000000  1.000000  0.000000  0.000000 
 0.000000  1.000000  0.000000  0.000000 
 0.000000  0.000000  0.000000  1.000000 
 1.000000  0.000000  0.000000  0.000000 
 1.000000  0.000000  0.000000  0.000000 
 0.000000  1.000000  0.000000  0.000000 
 0.000000  1.000000  0.000000  0.000000 
 0.000000  1.000000  0.000000  0.000000 
 0.125000  0.000000  0.000000  0.875000 
 0.000000  0.250000  0.500000  0.250000 
 0.375000  0.000000  0.250000  0.375000 

MOTIF Zas1.m1 STREME-1
letter-probability matrix: alength= 4 w= 11 nsites= 63 E= 0
 0.333333  0.190476  0.285714  0.190476 
 0.047619  0.952381  0.000000  0.000000 
 0.000000  1.000000  0.000000  0.000000 
 0.000000  1.000000  0.000000  0.000000 
 0.000000  1.000000  0.000000  0.000000 
 0.000000  1.000000  0.000000  0.000000 
 1.000000  0.000000  0.000000  0.000000 
 0.000000  0.984127  0.000000  0.015873 
 0.507937  0.047619  0.047619  0.396825 
 0.095238  0.111111  0.015873  0.777778 
 0.539683  0.031746  0.238095  0.190476 

MOTIF Zas1.m2 STREME-2
letter-probability matrix: alength= 4 w= 13 nsites= 22 E= 0
 0.863636  0.000000  0.045455  0.090909 
 0.045455  0.000000  0.954545  0.000000 
 0.000000  0.000000  0.000000  1.000000 
 0.045455  0.000000  0.954545  0.000000 
 0.000000  0.000000  1.000000  0.000000 
 0.181818  0.000000  0.818182  0.000000 
 0.863636  0.000000  0.045455  0.090909 
 0.000000  0.000000  0.045455  0.954545 
 0.636364  0.045455  0.318182  0.000000 
 0.772727  0.045455  0.181818  0.000000 
 0.590909  0.045455  0.363636  0.000000 
 0.545455  0.045455  0.136364  0.272727 
 0.636364  0.045455  0.090909  0.227273 

MOTIF Zas1.m3 STREME-3
letter-probability matrix: alength= 4 w= 8 nsites= 38 E= 0
 0.552632  0.105263  0.131579  0.210526 
 0.631579  0.000000  0.368421  0.000000 
 0.000000  0.000000  0.000000  1.000000 
 0.000000  0.000000  1.000000  0.000000 
 0.000000  0.000000  0.736842  0.263158 
 0.000000  0.000000  1.000000  0.000000 
 0.000000  0.000000  1.000000  0.000000 
 0.000000  0.000000  1.000000  0.000000 

MOTIF Zas1.m4 STREME-4
letter-probability matrix: alength= 4 w= 11 nsites= 16 E= 0
 0.062500  0.937500  0.000000  0.000000 
 0.000000  0.937500  0.000000  0.062500 
 0.000000  0.937500  0.062500  0.000000 
 0.812500  0.125000  0.062500  0.000000 
 0.000000  1.000000  0.000000  0.000000 
 0.000000  0.000000  0.000000  1.000000 
 0.062500  0.000000  0.000000  0.937500 
 0.125000  0.000000  0.187500  0.687500 
 0.812500  0.125000  0.062500  0.000000 
 0.312500  0.187500  0.500000  0.000000 
 0.812500  0.125000  0.000000  0.062500 

MOTIF Loz1.m1 STREME-1
letter-probability matrix: alength= 4 w= 12 nsites= 7 E= 0
 0.857143  0.000000  0.000000  0.142857 
 0.428571  0.000000  0.571429  0.000000 
 0.000000  0.142857  0.857143  0.000000 
 1.000000  0.000000  0.000000  0.000000 
 0.000000  0.142857  0.000000  0.857143 
 0.000000  1.000000  0.000000  0.000000 
 0.000000  0.000000  1.000000  0.000000 
 0.571429  0.428571  0.000000  0.000000 
 0.000000  1.000000  0.000000  0.000000 
 0.142857  0.000000  0.857143  0.000000 
 0.714286  0.142857  0.000000  0.142857 
 0.000000  0.142857  0.571429  0.285714 

MOTIF Mca1.m1 STREME-1
letter-probability matrix: alength= 4 w= 11 nsites= 11 E= 0
 0.000000  1.000000  0.000000  0.000000 
 0.000000  0.000000  1.000000  0.000000 
 0.000000  0.000000  1.000000  0.000000 
 0.000000  0.000000  0.000000  1.000000 
 0.000000  0.000000  1.000000  0.000000 
 1.000000  0.000000  0.000000  0.000000 
 1.000000  0.000000  0.000000  0.000000 
 0.000000  0.363636  0.000000  0.636364 
 0.000000  0.000000  0.000000  1.000000 
 0.000000  1.000000  0.000000  0.000000 
 0.000000  0.090909  0.818182  0.090909 

MOTIF Mca1.m3 STREME-3
letter-probability matrix: alength= 4 w= 15 nsites= 6 E= 0
 1.000000  0.000000  0.000000  0.000000 
 0.000000  0.000000  1.000000  0.000000 
 0.000000  0.000000  0.000000  1.000000 
 0.000000  0.000000  0.000000  1.000000 
 0.333333  0.500000  0.000000  0.166667 
 1.000000  0.000000  0.000000  0.000000 
 0.166667  0.833333  0.000000  0.000000 
 0.000000  1.000000  0.000000  0.000000 
 0.000000  0.000000  1.000000  0.000000 
 0.833333  0.166667  0.000000  0.000000 
 0.000000  0.000000  0.833333  0.166667 
 0.333333  0.666667  0.000000  0.000000 
 0.000000  0.333333  0.000000  0.666667 
 0.500000  0.166667  0.333333  0.000000 
 0.166667  0.000000  0.166667  0.666667 

MOTIF Pcr1.m1 STREME-1
letter-probability matrix: alength= 4 w= 10 nsites= 16 E= 0
 0.562500  0.187500  0.187500  0.062500 
 0.062500  0.062500  0.000000  0.875000 
 0.000000  0.000000  0.750000  0.250000 
 1.000000  0.000000  0.000000  0.000000 
 0.000000  1.000000  0.000000  0.000000 
 0.000000  0.000000  1.000000  0.000000 
 0.000000  0.000000  0.000000  1.000000 
 0.250000  0.750000  0.000000  0.000000 
 0.875000  0.000000  0.062500  0.062500 
 0.062500  0.187500  0.187500  0.562500 

MOTIF Pcr1.m3 STREME-3
letter-probability matrix: alength= 4 w= 13 nsites= 7 E= 0
 1.000000  0.000000  0.000000  0.000000 
 0.285714  0.000000  0.000000  0.714286 
 0.000000  0.000000  1.000000  0.000000 
 0.714286  0.000000  0.285714  0.000000 
 0.000000  1.000000  0.000000  0.000000 
 0.000000  0.000000  1.000000  0.000000 
 0.000000  0.000000  0.000000  1.000000 
 0.285714  0.000000  0.000000  0.714286 
 0.000000  0.000000  0.285714  0.714286 
 0.000000  0.000000  0.000000  1.000000 
 0.000000  1.000000  0.000000  0.000000 
 0.000000  0.142857  0.571429  0.285714 
 0.571429  0.142857  0.000000  0.285714 

MOTIF Pho7.m2 STREME-2
letter-probability matrix: alength= 4 w= 12 nsites= 6 E= 0
 1.000000  0.000000  0.000000  0.000000 
 1.000000  0.000000  0.000000  0.000000 
 0.000000  1.000000  0.000000  0.000000 
 0.166667  0.833333  0.000000  0.000000 
 0.333333  0.000000  0.666667  0.000000 
 1.000000  0.000000  0.000000  0.000000 
 0.000000  1.000000  0.000000  0.000000 
 0.000000  0.000000  0.000000  1.000000 
 0.000000  0.166667  0.000000  0.833333 
 0.333333  0.166667  0.333333  0.166667 
 0.166667  0.166667  0.000000  0.666667 
 0.333333  0.333333  0.000000  0.333333 

MOTIF Php3.m1 STREME-1
letter-probability matrix: alength= 4 w= 9 nsites= 48 E= 0
 0.458333  0.333333  0.145833  0.062500 
 0.562500  0.000000  0.270833  0.166667 
 0.000000  1.000000  0.000000  0.000000 
 0.000000  1.000000  0.000000  0.000000 
 1.000000  0.000000  0.000000  0.000000 
 1.000000  0.000000  0.000000  0.000000 
 0.000000  0.000000  0.000000  1.000000 
 0.000000  1.000000  0.000000  0.000000 
 1.000000  0.000000  0.000000  0.000000 

MOTIF Prr1.m1 STREME-1
letter-probability matrix: alength= 4 w= 11 nsites= 11 E= 0
 0.181818  0.818182  0.000000  0.000000 
 0.000000  0.090909  0.000000  0.909091 
 0.000000  0.000000  0.000000  1.000000 
 0.000000  1.000000  0.000000  0.000000 
 0.000000  0.000000  0.090909  0.909091 
 0.909091  0.000000  0.090909  0.000000 
 0.090909  0.000000  0.818182  0.090909 
 0.727273  0.090909  0.181818  0.000000 
 0.000000  0.727273  0.000000  0.272727 
 0.000000  0.909091  0.000000  0.090909 
 0.000000  0.545455  0.181818  0.272727 

MOTIF Prr1.m2 STREME-2
letter-probability matrix: alength= 4 w= 10 nsites= 9 E= 0
 0.111111  0.000000  0.888889  0.000000 
 0.000000  0.000000  1.000000  0.000000 
 0.000000  0.888889  0.111111  0.000000 
 0.000000  0.888889  0.000000  0.111111 
 0.000000  0.000000  0.111111  0.888889 
 1.000000  0.000000  0.000000  0.000000 
 0.000000  0.000000  1.000000  0.000000 
 0.777778  0.000000  0.000000  0.222222 
 0.444444  0.222222  0.111111  0.222222 
 0.111111  0.777778  0.111111  0.000000 

MOTIF Prt1.m3 STREME-3
letter-probability matrix: alength= 4 w= 9 nsites= 4 E= 0
 0.000000  1.000000  0.000000  0.000000 
 0.000000  0.750000  0.250000  0.000000 
 0.000000  0.000000  1.000000  0.000000 
 1.000000  0.000000  0.000000  0.000000 
 0.250000  0.000000  0.750000  0.000000 
 0.000000  1.000000  0.000000  0.000000 
 0.000000  1.000000  0.000000  0.000000 
 0.000000  0.000000  1.000000  0.000000 
 1.000000  0.000000  0.000000  0.000000 

MOTIF Prz1.m1 STREME-1
letter-probability matrix: alength= 4 w= 10 nsites= 13 E= 0
 0.153846  0.846154  0.000000  0.000000 
 0.000000  0.000000  0.000000  1.000000 
 0.692308  0.000000  0.307692  0.000000 
 0.692308  0.307692  0.000000  0.000000 
 0.000000  0.000000  1.000000  0.000000 
 0.000000  1.000000  0.000000  0.000000 
 0.000000  1.000000  0.000000  0.000000 
 0.461538  0.076923  0.153846  0.307692 
 0.000000  1.000000  0.000000  0.000000 
 0.384615  0.307692  0.076923  0.230769 

MOTIF Reb1.m1 STREME-1
letter-probability matrix: alength= 4 w= 15 nsites= 17 E= 0
 0.470588  0.000000  0.529412  0.000000 
 0.000000  0.000000  1.000000  0.000000 
 0.000000  0.000000  0.411765  0.588235 
 1.000000  0.000000  0.000000  0.000000 
 1.000000  0.000000  0.000000  0.000000 
 0.000000  0.000000  1.000000  0.000000 
 0.058824  0.000000  0.941176  0.000000 
 0.000000  0.000000  1.000000  0.000000 
 0.000000  0.000000  0.058824  0.941176 
 0.470588  0.058824  0.411765  0.058824 
 0.235294  0.000000  0.705882  0.058824 
 0.000000  0.000000  0.705882  0.294118 
 0.235294  0.000000  0.764706  0.000000 
 0.058824  0.882353  0.058824  0.000000 
 0.823529  0.058824  0.000000  0.117647 

MOTIF Reb1.m5 STREME-5
letter-probability matrix: alength= 4 w= 11 nsites= 5 E= 0
 1.000000  0.000000  0.000000  0.000000 
 0.000000  0.000000  0.200000  0.800000 
 0.000000  0.000000  1.000000  0.000000 
 0.000000  0.000000  1.000000  0.000000 
 0.000000  0.000000  0.200000  0.800000 
 0.000000  0.000000  1.000000  0.000000 
 0.000000  0.000000  1.000000  0.000000 
 0.200000  0.000000  0.800000  0.000000 
 0.600000  0.000000  0.000000  0.400000 
 0.200000  0.800000  0.000000  0.000000 
 0.200000  0.000000  0.800000  0.000000 

MOTIF Res2.m1 STREME-1
letter-probability matrix: alength= 4 w= 15 nsites= 19 E= 0
 0.631579  0.157895  0.157895  0.052632 
 0.526316  0.000000  0.263158  0.210526 
 0.894737  0.000000  0.105263  0.000000 
 0.000000  0.947368  0.000000  0.052632 
 0.000000  0.000000  1.000000  0.000000 
 0.000000  0.947368  0.000000  0.052632 
 0.052632  0.000000  0.947368  0.000000 
 0.842105  0.000000  0.052632  0.105263 
 0.000000  1.000000  0.000000  0.000000 
 0.052632  0.000000  0.894737  0.052632 
 0.000000  1.000000  0.000000  0.000000 
 0.000000  0.000000  1.000000  0.000000 
 0.631579  0.157895  0.000000  0.210526 
 0.105263  0.894737  0.000000  0.000000 
 0.263158  0.105263  0.315789  0.315789 

MOTIF Res2.m2 STREME-2
letter-probability matrix: alength= 4 w= 10 nsites= 12 E= 0
 0.000000  1.000000  0.000000  0.000000 
 0.166667  0.000000  0.833333  0.000000 
 0.000000  0.916667  0.000000  0.083333 
 0.166667  0.000000  0.833333  0.000000 
 0.750000  0.083333  0.000000  0.166667 
 0.083333  0.833333  0.083333  0.000000 
 0.166667  0.000000  0.833333  0.000000 
 0.000000  0.500000  0.333333  0.166667 
 0.000000  0.000000  0.916667  0.083333 
 0.083333  0.166667  0.500000  0.250000 

MOTIF Rsv2.m1 STREME-1
letter-probability matrix: alength= 4 w= 13 nsites= 9 E= 0
 0.000000  0.111111  0.666667  0.222222 
 0.000000  0.000000  1.000000  0.000000 
 0.000000  0.000000  0.111111  0.888889 
 0.000000  0.000000  1.000000  0.000000 
 0.111111  0.000000  0.888889  0.000000 
 0.000000  1.000000  0.000000  0.000000 
 0.777778  0.000000  0.222222  0.000000 
 1.000000  0.000000  0.000000  0.000000 
 0.666667  0.111111  0.000000  0.222222 
 0.666667  0.111111  0.000000  0.222222 
 0.777778  0.000000  0.000000  0.222222 
 0.111111  0.000000  0.333333  0.555556 
 0.111111  0.000000  0.777778  0.111111 

MOTIF Sep1.m1 STREME-1
letter-probability matrix: alength= 4 w= 15 nsites= 3 E= 0
 1.000000  0.000000  0.000000  0.000000 
 1.000000  0.000000  0.000000  0.000000 
 1.000000  0.000000  0.000000  0.000000 
 0.000000  1.000000  0.000000  0.000000 
 1.000000  0.000000  0.000000  0.000000 
 0.666667  0.000000  0.333333  0.000000 
 1.000000  0.000000  0.000000  0.000000 
 0.333333  0.000000  0.000000  0.666667 
 1.000000  0.000000  0.000000  0.000000 
 1.000000  0.000000  0.000000  0.000000 
 1.000000  0.000000  0.000000  0.000000 
 0.000000  0.000000  0.000000  1.000000 
 1.000000  0.000000  0.000000  0.000000 
 0.666667  0.000000  0.000000  0.333333 
 0.666667  0.000000  0.000000  0.333333 

MOTIF Sep1.m2 STREME-2
letter-probability matrix: alength= 4 w= 11 nsites= 3 E= 0
 1.000000  0.000000  0.000000  0.000000 
 0.666667  0.000000  0.333333  0.000000 
 1.000000  0.000000  0.000000  0.000000 
 0.000000  0.000000  0.000000  1.000000 
 0.000000  0.000000  1.000000  0.000000 
 0.000000  0.000000  1.000000  0.000000 
 0.000000  1.000000  0.000000  0.000000 
 0.000000  0.000000  1.000000  0.000000 
 1.000000  0.000000  0.000000  0.000000 
 0.000000  0.000000  1.000000  0.000000 
 0.000000  0.000000  0.000000  1.000000 

MOTIF Ste11.m2 STREME-2
letter-probability matrix: alength= 4 w= 14 nsites= 6 E= 0
 0.833333  0.000000  0.000000  0.166667 
 0.833333  0.000000  0.000000  0.166667 
 0.000000  1.000000  0.000000  0.000000 
 1.000000  0.000000  0.000000  0.000000 
 1.000000  0.000000  0.000000  0.000000 
 1.000000  0.000000  0.000000  0.000000 
 0.000000  0.000000  1.000000  0.000000 
 0.833333  0.000000  0.166667  0.000000 
 0.666667  0.000000  0.166667  0.166667 
 1.000000  0.000000  0.000000  0.000000 
 0.000000  0.500000  0.166667  0.333333 
 0.166667  0.500000  0.166667  0.166667 
 0.833333  0.166667  0.000000  0.000000 
 0.500000  0.166667  0.166667  0.166667 

MOTIF Ste11.m4 STREME-4
letter-probability matrix: alength= 4 w= 14 nsites= 4 E= 0
 0.000000  0.000000  0.000000  1.000000 
 0.000000  0.000000  0.000000  1.000000 
 0.000000  0.500000  0.500000  0.000000 
 0.000000  0.250000  0.000000  0.750000 
 0.000000  1.000000  0.000000  0.000000 
 1.000000  0.000000  0.000000  0.000000 
 1.000000  0.000000  0.000000  0.000000 
 1.000000  0.000000  0.000000  0.000000 
 0.000000  0.000000  1.000000  0.000000 
 1.000000  0.000000  0.000000  0.000000 
 0.750000  0.250000  0.000000  0.000000 
 0.750000  0.000000  0.000000  0.250000 
 0.000000  1.000000  0.000000  0.000000 
 0.000000  1.000000  0.000000  0.000000 

MOTIF Toe1.m1 STREME-1
letter-probability matrix: alength= 4 w= 15 nsites= 16 E= 0
 0.000000  1.000000  0.000000  0.000000 
 0.000000  1.000000  0.000000  0.000000 
 0.000000  0.000000  1.000000  0.000000 
 0.000000  1.000000  0.000000  0.000000 
 0.000000  0.000000  1.000000  0.000000 
 0.000000  0.062500  0.937500  0.000000 
 0.375000  0.312500  0.125000  0.187500 
 0.437500  0.000000  0.000000  0.562500 
 0.437500  0.250000  0.125000  0.187500 
 0.187500  0.000000  0.187500  0.625000 
 0.000000  0.062500  0.250000  0.687500 
 0.000000  0.937500  0.062500  0.000000 
 0.000000  0.937500  0.062500  0.000000 
 0.125000  0.000000  0.875000  0.000000 
 0.437500  0.312500  0.250000  0.000000 

MOTIF Toe2.m1 STREME-1
letter-probability matrix: alength= 4 w= 9 nsites= 18 E= 0
 0.000000  1.000000  0.000000  0.000000 
 0.000000  0.000000  1.000000  0.000000 
 0.000000  0.000000  1.000000  0.000000 
 0.000000  1.000000  0.000000  0.000000 
 0.000000  1.000000  0.000000  0.000000 
 0.000000  0.000000  1.000000  0.000000 
 0.944444  0.000000  0.055556  0.000000 
 0.333333  0.333333  0.166667  0.166667 
 0.277778  0.388889  0.333333  0.000000 

MOTIF Toe3.m1 STREME-1
letter-probability matrix: alength= 4 w= 13 nsites= 23 E= 0
 0.000000  0.086957  0.043478  0.869565 
 0.000000  1.000000  0.000000  0.000000 
 0.000000  1.000000  0.000000  0.000000 
 0.217391  0.000000  0.782609  0.000000 
 0.000000  0.652174  0.000000  0.347826 
 0.000000  0.000000  1.000000  0.000000 
 0.000000  0.000000  1.000000  0.000000 
 1.000000  0.000000  0.000000  0.000000 
 0.391304  0.565217  0.043478  0.000000 
 0.608696  0.043478  0.000000  0.347826 
 0.130435  0.043478  0.000000  0.826087 
 0.086957  0.434783  0.043478  0.434783 
 0.304348  0.043478  0.130435  0.521739 

MOTIF Toe3.m4 STREME-4
letter-probability matrix: alength= 4 w= 9 nsites= 15 E= 0
 0.066667  0.933333  0.000000  0.000000 
 0.000000  0.866667  0.000000  0.133333 
 1.000000  0.000000  0.000000  0.000000 
 0.000000  0.133333  0.000000  0.866667 
 0.066667  0.000000  0.933333  0.000000 
 0.000000  0.000000  1.000000  0.000000 
 0.933333  0.000000  0.000000  0.066667 
 0.000000  0.000000  0.933333  0.066667 
 0.133333  0.600000  0.266667  0.000000 

MOTIF Zip1.m1 STREME-1
letter-probability matrix: alength= 4 w= 15 nsites= 14 E= 0
 0.857143  0.071429  0.071429  0.000000 
 1.000000  0.000000  0.000000  0.000000 
 0.000000  0.000000  0.000000  1.000000 
 0.000000  0.000000  0.000000  1.000000 
 0.071429  0.000000  0.928571  0.000000 
 0.000000  1.000000  0.000000  0.000000 
 0.000000  0.000000  0.928571  0.071429 
 0.142857  0.642857  0.000000  0.214286 
 0.285714  0.571429  0.142857  0.000000 
 0.857143  0.142857  0.000000  0.000000 
 0.000000  0.214286  0.071429  0.714286 
 0.357143  0.428571  0.000000  0.214286 
 0.428571  0.000000  0.357143  0.214286 
 0.214286  0.214286  0.142857  0.428571 
 0.000000  0.142857  0.000000  0.857143 

MOTIF Zip1.m4 STREME-4
letter-probability matrix: alength= 4 w= 15 nsites= 4 E= 0
 1.000000  0.000000  0.000000  0.000000 
 0.000000  0.750000  0.250000  0.000000 
 1.000000  0.000000  0.000000  0.000000 
 1.000000  0.000000  0.000000  0.000000 
 0.000000  0.000000  0.000000  1.000000 
 0.000000  0.250000  0.000000  0.750000 
 0.000000  0.000000  0.750000  0.250000 
 0.000000  0.750000  0.000000  0.250000 
 0.000000  0.000000  1.000000  0.000000 
 0.250000  0.000000  0.750000  0.000000 
 0.000000  0.000000  1.000000  0.000000 
 0.250000  0.000000  0.000000  0.750000 
 0.000000  0.000000  0.000000  1.000000 
 0.000000  0.250000  0.500000  0.250000 
 0.000000  0.000000  0.250000  0.750000 

MOTIF Zip1.m5 STREME-5
letter-probability matrix: alength= 4 w= 12 nsites= 4 E= 0
 0.000000  1.000000  0.000000  0.000000 
 1.000000  0.000000  0.000000  0.000000 
 0.750000  0.000000  0.000000  0.250000 
 0.000000  0.000000  0.000000  1.000000 
 0.000000  0.000000  0.000000  1.000000 
 0.000000  0.000000  1.000000  0.000000 
 0.000000  0.000000  0.000000  1.000000 
 0.000000  0.250000  0.750000  0.000000 
 0.000000  1.000000  0.000000  0.000000 
 0.500000  0.500000  0.000000  0.000000 
 0.000000  0.000000  1.000000  0.000000 
 0.000000  0.000000  0.250000  0.750000 

MOTIF SPAC11D3.17.m1 STREME-1
letter-probability matrix: alength= 4 w= 10 nsites= 13 E= 0
 0.000000  0.000000  0.923077  0.076923 
 1.000000  0.000000  0.000000  0.000000 
 0.000000  0.000000  1.000000  0.000000 
 0.000000  1.000000  0.000000  0.000000 
 0.000000  0.000000  0.000000  1.000000 
 0.000000  1.000000  0.000000  0.000000 
 0.000000  1.000000  0.000000  0.000000 
 0.153846  0.076923  0.307692  0.461538 
 0.000000  0.923077  0.000000  0.076923 
 0.153846  0.615385  0.000000  0.230769 

MOTIF SPAC11D3.17.m3 STREME-3
letter-probability matrix: alength= 4 w= 9 nsites= 8 E= 0
 0.000000  0.125000  0.875000  0.000000 
 1.000000  0.000000  0.000000  0.000000 
 0.000000  0.000000  1.000000  0.000000 
 0.000000  1.000000  0.000000  0.000000 
 0.000000  0.000000  0.000000  1.000000 
 0.000000  0.875000  0.125000  0.000000 
 0.375000  0.500000  0.000000  0.125000 
 0.000000  1.000000  0.000000  0.000000 
 1.000000  0.000000  0.000000  0.000000 

MOTIF SPAC3F10.12c.m1 STREME-1
letter-probability matrix: alength= 4 w= 14 nsites= 19 E= 0
 0.578947  0.052632  0.368421  0.000000 
 0.473684  0.052632  0.473684  0.000000 
 0.000000  0.000000  0.000000  1.000000 
 0.000000  1.000000  0.000000  0.000000 
 1.000000  0.000000  0.000000  0.000000 
 0.000000  1.000000  0.000000  0.000000 
 0.000000  0.000000  1.000000  0.000000 
 0.000000  0.000000  0.000000  1.000000 
 0.000000  0.000000  0.947368  0.052632 
 0.421053  0.368421  0.210526  0.000000 
 0.368421  0.473684  0.000000  0.157895 
 0.210526  0.368421  0.157895  0.263158 
 0.157895  0.000000  0.421053  0.421053 
 0.473684  0.105263  0.263158  0.157895 

MOTIF SPAC3H8.08c.m2 STREME-2
letter-probability matrix: alength= 4 w= 14 nsites= 14 E= 0
 0.000000  1.000000  0.000000  0.000000 
 0.000000  0.928571  0.071429  0.000000 
 0.000000  0.000000  0.142857  0.857143 
 0.000000  1.000000  0.000000  0.000000 
 0.000000  0.000000  1.000000  0.000000 
 0.071429  0.000000  0.928571  0.000000 
 0.785714  0.000000  0.071429  0.142857 
 0.285714  0.428571  0.214286  0.071429 
 0.285714  0.071429  0.000000  0.642857 
 0.000000  0.000000  0.000000  1.000000 
 0.071429  0.071429  0.571429  0.285714 
 0.285714  0.357143  0.214286  0.142857 
 0.642857  0.285714  0.000000  0.071429 
 0.071429  0.142857  0.071429  0.714286 

MOTIF SPBC16G5.17.m2 STREME-2
letter-probability matrix: alength= 4 w= 11 nsites= 12 E= 0
 0.000000  1.000000  0.000000  0.000000 
 0.000000  1.000000  0.000000  0.000000 
 0.000000  0.000000  0.750000  0.250000 
 0.083333  0.916667  0.000000  0.000000 
 0.000000  0.000000  1.000000  0.000000 
 0.000000  0.000000  0.916667  0.083333 
 0.833333  0.000000  0.000000  0.166667 
 0.666667  0.166667  0.083333  0.083333 
 0.083333  0.750000  0.000000  0.166667 
 0.083333  0.250000  0.000000  0.666667 
 0.000000  0.000000  1.000000  0.000000 

MOTIF SPBC56F2.05c.m4 STREME-4
letter-probability matrix: alength= 4 w= 13 nsites= 5 E= 0
 1.000000  0.000000  0.000000  0.000000 
 0.000000  1.000000  0.000000  0.000000 
 0.200000  0.600000  0.000000  0.200000 
 0.000000  0.800000  0.200000  0.000000 
 0.000000  1.000000  0.000000  0.000000 
 0.000000  0.000000  1.000000  0.000000 
 0.000000  1.000000  0.000000  0.000000 
 0.800000  0.000000  0.000000  0.200000 
 0.800000  0.200000  0.000000  0.000000 
 0.000000  0.000000  0.000000  1.000000 
 0.000000  0.000000  0.000000  1.000000 
 0.400000  0.400000  0.200000  0.000000 
 0.200000  0.600000  0.200000  0.000000 

